$ 3 5.0E-6 10.20027730826997 50 5.0 50
191 416 240 440 240 1
w 416 256 416 272 0
w 376 272 416 272 0
151 296 208 352 208 1 2 5.0
151 296 328 352 328 1 2 5.0
151 224 208 280 208 1 2 5.0
151 224 328 280 328 1 2 0.0
151 296 272 352 272 1 2 0.0
151 144 328 200 328 1 2 5.0
w 352 272 376 272 0
w 352 272 352 240 0
w 352 240 296 240 0
w 296 240 296 216 0
w 352 208 352 232 0
w 352 232 304 232 0
w 304 232 304 248 0
w 304 248 296 248 0
w 296 248 296 264 0
w 280 200 296 200 0
w 224 208 208 208 0
w 280 200 280 208 0
w 224 200 224 208 0
w 224 216 224 208 0
w 296 280 296 296 0
w 296 296 352 296 0
w 352 296 352 328 0
w 352 328 448 328 0
w 448 328 448 320 0
w 296 320 296 328 0
w 296 336 296 328 0
w 296 328 280 328 0
w 200 328 200 336 0
w 200 336 224 336 0
w 144 320 144 328 0
w 144 336 144 328 0
w 144 328 128 328 0
w 584 360 128 360 0
w 128 360 128 328 0
R 136 176 136 144 0 0 40.0 5.0 0.0 0.0 0.5
w 224 320 224 288 0
w 224 288 192 288 0
s 192 288 192 272 0 0 false
w 208 184 208 208 0
w 208 184 448 184 0
w 448 184 448 224 0
156 736 144 760 144 1 0.0
156 736 272 760 272 1 5.0
156 736 208 760 208 1 5.0
156 736 336 760 336 1 0.0
150 640 200 688 200 1 2 0.0
150 640 248 688 248 1 2 0.0
150 640 296 688 296 1 2 5.0
150 640 344 688 344 1 2 0.0
w 592 352 640 352 0
w 600 304 640 304 0
w 608 256 640 256 0
w 528 224 528 216 0
w 528 216 584 216 0
w 584 216 584 360 0
w 512 224 512 208 0
w 512 208 592 208 0
w 496 224 496 200 0
w 496 200 600 200 0
w 480 224 480 192 0
w 480 192 608 192 0
w 464 224 464 184 0
w 464 184 616 184 0
w 616 184 616 208 0
w 616 208 640 208 0
w 608 192 608 224 0
w 608 224 608 256 0
w 600 200 600 272 0
w 600 272 600 304 0
w 592 208 592 320 0
w 592 320 592 352 0
w 600 272 736 272 0
w 688 344 688 368 0
w 688 368 736 368 0
w 592 320 704 320 0
w 704 320 704 336 0
w 704 336 736 336 0
w 688 248 720 248 0
w 720 248 720 240 0
w 720 240 736 240 0
w 608 224 704 224 0
w 704 224 704 208 0
w 704 208 736 208 0
w 688 200 688 176 0
w 688 176 736 176 0
R 392 384 352 384 1 2 100.0 2.5 2.5 0.0 0.5
w 392 384 416 384 0
w 416 384 416 304 0
w 416 384 728 384 0
w 736 352 728 352 0
w 736 288 728 288 0
w 736 224 728 224 0
w 736 160 728 160 0
w 728 160 728 224 0
w 728 224 728 288 0
w 728 288 728 352 0
w 728 352 728 384 0
w 688 296 688 304 0
w 688 304 736 304 0
w 136 176 136 240 0
w 136 240 192 240 0
w 192 240 192 272 0
w 136 176 168 176 0
w 168 176 168 160 0
w 640 192 632 192 0
w 640 240 632 240 0
w 640 288 632 288 0
w 640 336 632 336 0
w 632 336 632 288 0
w 632 288 632 240 0
w 632 240 632 192 0
w 168 160 632 160 0
w 632 160 632 192 0
w 448 184 448 144 0
w 448 144 736 144 0
M 784 144 824 144 0 2.5
M 784 176 824 176 0 2.5
M 784 208 824 208 0 2.5
M 784 240 824 240 0 2.5
M 784 272 824 272 0 2.5
M 784 304 824 304 0 2.5
M 784 336 824 336 0 2.5
M 784 368 824 368 0 2.5
