$ 3 5.0E-6 10.20027730826997 50 5.0 50
191 824 344 848 344 1
M 856 328 856 288 0 2.5
M 872 328 872 288 0 2.5
M 888 328 888 288 0 2.5
M 904 328 904 288 0 2.5
M 920 328 920 288 0 2.5
w 824 360 824 376 0
w 784 376 824 376 0
151 704 312 760 312 1 2 5.0
151 704 432 760 432 1 2 5.0
151 632 312 688 312 1 2 5.0
151 632 432 688 432 1 2 0.0
151 704 376 760 376 1 2 0.0
151 552 432 608 432 1 2 5.0
w 760 376 784 376 0
w 760 376 760 344 0
w 760 344 704 344 0
w 704 344 704 320 0
w 760 312 760 336 0
w 760 336 712 336 0
w 712 336 712 352 0
w 712 352 704 352 0
w 704 352 704 368 0
w 688 304 704 304 0
w 632 312 616 312 0
w 856 328 856 280 0
w 856 280 616 280 0
w 616 280 616 304 0
w 688 304 688 312 0
w 632 304 632 312 0
w 632 320 632 312 0
w 616 312 616 304 0
w 704 384 704 400 0
w 704 400 760 400 0
w 760 400 760 432 0
w 760 432 856 432 0
w 856 432 856 424 0
w 704 424 704 432 0
w 704 440 704 432 0
w 704 432 688 432 0
w 608 432 608 440 0
w 608 440 632 440 0
w 552 424 552 432 0
w 552 440 552 432 0
w 552 432 536 432 0
w 992 312 992 464 0
w 992 464 536 464 0
w 536 464 536 432 0
R 600 376 600 344 0 0 40.0 5.0 0.0 0.0 0.5
w 632 424 632 392 0
w 632 392 600 392 0
R 824 496 824 536 1 2 100.0 2.5 2.5 0.0 0.5
w 824 496 824 408 0
s 600 392 600 376 0 0 false
w 936 328 936 312 0
w 936 312 992 312 0
M 936 312 936 288 0 2.5
o 51 64 0 35 5.0 9.765625E-5 0 -1
o 25 64 0 35 5.0 9.765625E-5 0 -1
o 2 64 0 34 5.0 9.765625E-5 0 -1
o 3 64 0 34 5.0 9.765625E-5 0 -1
o 4 64 0 34 5.0 9.765625E-5 0 -1
o 5 64 0 34 5.0 9.765625E-5 0 -1
o 56 64 0 34 5.0 9.765625E-5 0 -1
