$ 3 5.0E-6 10.20027730826997 50 5.0 50
191 624 376 648 376 1
w 624 392 624 408 0
w 584 408 624 408 0
151 504 344 560 344 1 2 0.0
151 504 464 560 464 1 2 5.0
151 432 344 488 344 1 2 5.0
151 432 464 488 464 1 2 0.0
151 504 408 560 408 1 2 5.0
151 352 464 408 464 1 2 5.0
w 560 408 584 408 0
w 560 408 560 376 0
w 560 376 504 376 0
w 504 376 504 352 0
w 560 344 560 368 0
w 560 368 512 368 0
w 512 368 512 384 0
w 512 384 504 384 0
w 504 384 504 400 0
w 488 336 504 336 0
w 432 344 416 344 0
w 488 336 488 344 0
w 432 336 432 344 0
w 432 352 432 344 0
w 504 416 504 432 0
w 504 432 560 432 0
w 560 432 560 464 0
w 560 464 656 464 0
w 656 464 656 456 0
w 504 456 504 464 0
w 504 472 504 464 0
w 504 464 488 464 0
w 408 464 408 472 0
w 408 472 432 472 0
w 352 456 352 464 0
w 352 472 352 464 0
w 352 464 336 464 0
w 792 496 336 496 0
w 336 496 336 464 0
R 352 352 352 320 0 0 40.0 5.0 0.0 0.0 0.5
w 432 456 432 424 0
w 432 424 400 424 0
s 352 400 352 384 0 0 false
w 416 320 416 344 0
w 416 320 656 320 0
w 656 320 656 360 0
156 944 280 968 280 3 0.0
156 944 408 968 408 3 0.0
156 944 344 968 344 3 0.0
156 944 472 968 472 3 0.0
150 848 336 896 336 1 2 0.0
150 848 384 896 384 1 2 0.0
150 848 432 896 432 1 2 0.0
150 848 480 896 480 1 2 0.0
w 800 488 848 488 0
w 808 440 848 440 0
w 816 392 848 392 0
w 736 360 736 352 0
w 736 352 792 352 0
w 792 352 792 496 0
w 720 360 720 344 0
w 720 344 800 344 0
w 704 360 704 336 0
w 704 336 808 336 0
w 688 360 688 328 0
w 688 328 816 328 0
w 672 360 672 320 0
w 672 320 824 320 0
w 824 320 824 344 0
w 824 344 848 344 0
w 816 328 816 360 0
w 816 360 816 392 0
w 808 336 808 408 0
w 808 408 808 440 0
w 800 344 800 456 0
w 800 456 800 488 0
w 896 480 896 504 0
w 896 504 944 504 0
w 912 456 912 472 0
w 912 472 944 472 0
w 896 384 928 384 0
w 928 384 928 376 0
w 928 376 944 376 0
w 912 360 912 344 0
w 912 344 944 344 0
w 896 336 896 312 0
w 896 312 944 312 0
R 600 520 560 520 1 2 1000.0 5.0 5.0 0.0 0.5
w 600 520 624 520 0
w 624 520 624 440 0
w 624 520 936 520 0
w 944 488 936 488 0
w 944 424 936 424 0
w 944 360 936 360 0
w 944 296 936 296 0
w 936 296 936 360 0
w 936 360 936 424 0
w 936 424 936 488 0
w 936 488 936 520 0
w 896 432 896 440 0
w 896 440 944 440 0
w 848 328 840 328 0
w 848 376 840 376 0
w 848 424 840 424 0
w 848 472 840 472 0
w 840 472 840 424 0
w 840 424 840 376 0
w 840 376 840 328 0
w 840 296 840 328 0
w 656 320 656 280 0
w 656 280 944 280 0
199 1048 384 1056 384 1 4
w 992 280 1048 280 0
w 1048 280 1048 384 0
w 992 344 1032 344 0
w 1032 344 1032 400 0
w 1032 400 1048 400 0
w 992 408 1016 408 0
w 1016 408 1016 416 0
w 1016 416 1048 416 0
w 992 472 1032 472 0
w 1032 472 1032 432 0
w 1032 432 1048 432 0
a 1064 480 1120 480 3 15.0 -15.0 1000000.0
w 1064 472 1064 456 0
w 1064 456 1112 456 0
w 1112 456 1112 400 0
r 1120 480 1168 480 0 100000.0
t 1136 368 1168 368 0 1 0.5335452864014009 0.6166384413841207 100.0
g 1200 384 1200 408 0
R 1168 312 1168 280 0 0 40.0 5.0 0.0 0.0 0.5
w 1136 368 1136 424 0
w 1136 424 1168 424 0
w 1168 424 1168 480 0
w 1168 384 1200 384 0
w 1168 352 1168 344 0
r 1168 312 1168 344 0 1000.0
w 1168 344 1136 344 0
w 840 296 840 264 0
w 840 264 1136 264 0
w 1136 264 1136 344 0
w 992 296 1000 296 0
w 992 360 1000 360 0
w 992 424 1000 424 0
w 992 488 1000 488 0
w 1000 296 1000 360 0
w 1000 360 1000 424 0
w 1000 424 1000 488 0
w 1000 488 1000 528 0
I 656 544 712 544 0 0.5
w 656 464 656 544 0
w 712 544 1000 544 0
w 1000 544 1000 528 0
w 824 344 824 360 0
w 824 360 912 360 0
w 816 392 816 408 0
w 816 408 944 408 0
w 808 440 808 456 0
w 808 456 912 456 0
w 352 352 352 384 0
w 352 424 352 400 0
w 352 424 400 424 0
x 361 396 408 401 0 19 reset
R 1064 544 1152 544 0 1 10.0 2.15 -2.3 0.0 0.5
r 1064 488 1064 544 0 100.0
o 125 64 0 35 5.0 9.765625E-5 0 -1
o 162 64 0 35 5.0 9.765625E-5 0 -1
